00000011
11011110
00000100
11111000
00111111
00000000
00000011
11101101
00000100
11110111
00111111
00000000
00000011
10111110
00000100
11110110
00111111
00000000
00000011
11101111
00000100
11110101
00111111
00000000
00000011
00001111
00000001
00001000
00000011
00000000
00000001
00001100
01110000
01100000
00000011
00000000
00101000
01010000
00000011
00000000
00101000
00111001
00000000
00000000
00101000
01100111
00000000
00000000
00000100
11111111
11111111
00000000
01001000
00110100
00000000
00000000
00111000
00001111
00000000
00000000
00000000
00000000
00000000
00101000
01100111
00000000
00000000
00101000
00111000
00000000
00000000
00011111
00000000
00111000
00000001
00001100
10000011
10000011
10000011
10000011
10000001
00000010
01001001
01101111
00000011
00000000
00000100
11111110
11111111
00000000
00000001
00000011
10000001
00000010
01001001
01101111
00000011
00000000
00000100
11111110
11111111
00000000
00111000
00000011
00110000
00000100
11111110
11111111
00000000
00000011
01011000
00000100
11111110
11111111
00000000
01000111
00000000
01000000
00000000
00000001
00001100
10000011
10000011
10000011
10000011
10000001
00000010
01001001
01101111
00000011
00000000
00000100
11111110
11111111
00000000
00000001
00000011
10000001
00000010
01001001
01101111
00000011
00000000
00000100
11111110
11111111
00000000
00000011
00100000
00000100
11111110
11111111
00000000
00000011
00110000
00000100
11111110
11111111
00000000
00000011
01011000
00000100
11111110
11111111
00000000
01000111
11111111
00111111
00000000
00000001
00001100
10000011
10000011
10000011
10000011
10000001
00000010
01001001
01101111
00000011
00000000
00000100
11111110
11111111
00000000
00000001
00000011
10000001
00000010
01001001
01101111
00000011
00000000
00000100
11111110
11111111
00000000
00000011
00100000
00000100
11111110
11111111
00000000
00000011
00110000
00000100
11111110
11111111
00000000
00000011
01011000
00000100
11111110
11111111
00000000
01000111
11111110
00111111
00000000
00000001
00001100
10000011
10000011
10000011
10000011
10000001
00000010
01001001
01101111
00000011
00000000
00000100
11111110
11111111
00000000
00000001
00000011
10000001
00000010
01001001
01101111
00000011
00000000
00000100
11111110
11111111
00000000
00000011
00100000
00000100
11111110
11111111
00000000
00000011
00110000
00000100
11111110
11111111
00000000
00000011
01011000
00000100
11111110
11111111
00000000
01000111
11111101
00111111
00000000
00000001
00001100
10000011
10000011
10000011
10000011
10000001
00000010
01001001
01101111
00000011
00000000
00000100
11111110
11111111
00000000
00000001
00000011
10000001
00000010
01001001
01101111
00000011
00000000
00000100
11111110
11111111
00000000
00000011
00100000
00000100
11111110
11111111
00000000
00000011
00110000
00000100
11111110
11111111
00000000
00000011
01011000
00000100
11111110
11111111
00000000
01000111
11111100
00111111
00000000
00000001
00001100
10000011
10000011
10000011
10000011
10000001
00000010
01001001
01101111
00000011
00000000
00000100
11111110
11111111
00000000
00000001
00000011
10000001
00000010
01001001
01101111
00000011
00000000
00000100
11111110
11111111
00000000
00000011
00100000
00000100
11111110
11111111
00000000
00000011
00110000
00000100
11111110
11111111
00000000
00000011
01011000
00000100
11111110
11111111
00000000
01000111
11111011
00111111
00000000
00000001
00001100
10000011
10000011
10000011
10000011
10000001
00000010
01001001
01101111
00000011
00000000
00000100
11111110
11111111
00000000
00000001
00000011
10000001
00000010
01001001
01101111
00000011
00000000
00000100
11111110
11111111
00000000
00000011
00100000
00000100
11111110
11111111
00000000
00000011
00110000
00000100
11111110
11111111
00000000
00000011
01011000
00000100
11111110
11111111
00000000
01000111
11111010
00111111
00000000
00000001
00001100
10000011
10000011
10000011
10000011
10000001
00000010
01001001
01101111
00000011
00000000
00000100
11111110
11111111
00000000
00000001
00000011
10000001
00000010
01001001
01101111
00000011
00000000
00000100
11111110
11111111
00000000
00000011
00100000
00000100
11111110
11111111
00000000
00000011
00110000
00000100
11111110
11111111
00000000
00000011
01011000
00000100
11111110
11111111
00000000
01000111
11111001
00111111
00000000
00000001
00001100
10000011
10000011
10000011
10000011
10000001
00000010
01001001
01101111
00000011
00000000
00000100
11111110
11111111
00000000
00000001
00000011
10000001
00000010
01001001
01101111
00000011
00000000
00000100
11111110
11111111
00000000
00000011
00100000
00000100
11111110
11111111
00000000
00000011
00110000
00000100
11111110
11111111
00000000
00000011
01011000
00000100
11111110
11111111
00000000
01000111
11111000
00111111
00000000
00000001
00001100
10000011
10000011
10000011
10000011
10000001
00000010
01001001
01101111
00000011
00000000
00000100
11111110
11111111
00000000
00000001
00000011
10000001
00000010
01001001
01101111
00000011
00000000
00000100
11111110
11111111
00000000
00000011
00100000
00000100
11111110
11111111
00000000
00000011
00110000
00000100
11111110
11111111
00000000
00000011
01011000
00000100
11111110
11111111
00000000
01000111
11110111
00111111
00000000
00000001
00001100
10000011
10000011
10000011
10000011
10000001
00000010
01001001
01101111
00000011
00000000
00000100
11111110
11111111
00000000
00000001
00000011
10000001
00000010
01001001
01101111
00000011
00000000
00000100
11111110
11111111
00000000
00000011
00100000
00000100
11111110
11111111
00000000
00000011
00110000
00000100
11111110
11111111
00000000
00000011
01011000
00000100
11111110
11111111
00000000
01000111
11110110
00111111
00000000
00000001
00001100
10000011
10000011
10000011
10000011
10000001
00000010
01001001
01101111
00000011
00000000
00000100
11111110
11111111
00000000
00000001
00000011
10000001
00000010
01001001
01101111
00000011
00000000
00000100
11111110
11111111
00000000
00000011
00100000
00000100
11111110
11111111
00000000
00000011
00110000
00000100
11111110
11111111
00000000
00000011
01011000
00000100
11111110
11111111
00000000
01000111
11110101
00111111
00000000
00000001
00001100
10000011
10000011
10000011
10000011
10000001
00000010
01001001
01101111
00000011
00000000
00000100
11111110
11111111
00000000
00000001
00000011
10000001
00000010
01001001
01101111
00000011
00000000
00000100
11111110
11111111
00000000
00000011
00100000
00000100
11111110
11111111
00000000
00000011
00110000
00000100
11111110
11111111
00000000
00000011
01011000
00000100
11111110
11111111
00000000
01000111
11110100
00111111
00000000
00000001
00001100
10000011
10000011
10000011
10000011
10000001
00000010
01001001
01101111
00000011
00000000
00000100
11111110
11111111
00000000
00000001
00000011
10000001
00000010
01001001
01101111
00000011
00000000
00000100
11111110
11111111
00000000
00000011
00100000
00000100
11111110
11111111
00000000
00000011
00110000
00000100
11111110
11111111
00000000
00000011
01011000
00000100
11111110
11111111
00000000
01000111
11110011
00111111
00000000
00000001
00001100
10000011
10000011
10000011
10000011
10000001
00000010
01001001
01101111
00000011
00000000
00000100
11111110
11111111
00000000
00000001
00000011
10000001
00000010
01001001
01101111
00000011
00000000
00000100
11111110
11111111
00000000
00000011
00100000
00000100
11111110
11111111
00000000
00000011
00110000
00000100
11111110
11111111
00000000
00000011
01011000
00000100
11111110
11111111
00000000
01000111
11110010
00111111
00000000
00000001
00001100
10000011
10000011
10000011
10000011
10000001
00000010
01001001
01101111
00000011
00000000
00000100
11111110
11111111
00000000
00000001
00000011
10000001
00000010
01001001
01101111
00000011
00000000
00000100
11111110
11111111
00000000
00111000
00000010
00000100
11111110
11111111
00000000
10000100
00000011
01100000
01011111
00000011
00000000
01001000
01010000
00000011
00000000
00111000
00010000
00010011
01110010
01100101
01100001
01100100
01111001
00100001
00100000
00000000
00110000
01111000
00000000
00100000
00000000
00110000
00110001
00110010
00110011
00110100
00110101
00110110
00110111
00111000
00111001
01000001
01000010
01000011
01000100
01000101
01000110
